-0.8151399525010274,-215.39879757521365
0.3561657785059874,-290.86490917446497
0.31868840238981994,-71.41637644391261
-0.9248661456433912,-157.64817954919704
-0.07323812986480653,-265.80000386425354
0.9985004881088435,3.1381006681470467
0.9252063125749994,-337.6994857470526
-0.8658671936010233,149.98187541341173
-0.6107890811180209,-127.64658056068538
0.6017218170421139,-306.99331349299763
0.3568517587996779,69.09302284475075
0.9890936998457841,8.469774677919986
-0.9432719507713808,-199.391495494702
-0.4957107417830153,-119.71662837992204
0.365941286391388,291.46552255776
0.19556491567504378,-78.72227372389983
-0.8162663846837318,-215.2872277377703
-0.8601801082730532,-149.33681145421085
0.8488730319358792,-328.0893048875039
0.9903851525516486,-352.04834704688795
0.9965375956944621,-355.23073001733513
0.37831495065064696,-67.77065418476508
-0.9945459576187006,-174.01320385326966
-0.8673323394067708,-209.84989547647154
-0.9210766965670958,157.0839986497882
-0.8328784241336881,-146.39556721402383
-0.9838351723680777,-169.68403320913126
-0.46587023868510535,242.23344304911666
-0.8595006543221768,-210.7394374620367
0.9934514527854772,-353.43934203601026
0.27871171689417085,73.816669007445
0.16458338614292478,80.52696661508793
-0.7851907344439262,141.73832230759302
-0.764900114722514,-220.1018934024486
0.20152787053955637,78.37368102384187
0.9976987975172299,3.887750318770941
-0.6834023086649225,133.1100869615815
-0.2784194254205491,106.16589370833663
-0.9953291500011927,-174.46006359790127
-0.6531590272483518,-130.7802046141908
-0.11846449173179704,-96.80349231610467
0.8654460055541097,-329.93367233495786
0.6259940083823192,-51.244817728459566
0.3567630367031627,-290.901535577903
-0.7312940942114974,136.9949925204262
0.8898293237715789,27.148192380858575
0.07050864577048964,-274.04320266237164
0.7031489301566566,314.6801922648334
0.0743041526676428,-85.73875837193452
-0.6903868250447425,-226.33926277449407
-0.9967071370506846,175.34902823842424
0.5651161815592414,55.589640447437205
0.9162057231088155,23.622459835569884
-0.6846165507640914,133.205458498246
0.7371265662469877,317.4872149340896
-0.3503441942638999,249.4916309869053
0.5984877948392384,306.7616705267461
0.12033385023336601,-276.9113704092657
-0.99998843928679,-180.27550555660895
-0.9765633610866615,167.57097209276048
-0.7949068181092145,217.35354473120947
-0.8913462693943459,153.04290901321315
0.4311570382281687,64.45898887364865
-0.6670632585481009,-131.84080831360356
-0.3595434839778682,111.07216246504976
-0.021856500840316227,91.25238497867468
-0.999960397163543,180.50992019204136
-0.8723913526605696,-150.7377305580179
0.8899534920145429,27.132596706635297
-0.04570721319920856,267.38025687742663
0.9756960853494487,347.34216938867974
0.14332674323770253,-278.2403965808866
0.9996425339144623,-1.532032542807201
-0.34914293844135624,-110.43490236623066
-0.4265884394910003,-115.25124794373934
0.025135144744614486,-271.4402893950651
0.9984260123978083,356.78489423019596
0.37648515975125146,292.1161345576803
-0.43824909264942435,115.9922196241173
0.629129302497384,-308.9859132281016
0.16710459134015965,80.38048365967302
0.5432402341276923,302.90448923541874
0.5044599717814325,300.29551064715906
-0.04198001482145306,92.40598471284102
0.28811184440320836,286.74494861740766
-0.8111894803374027,144.2123101855753
-0.874319219151292,-209.03549244720674
-0.011402829522618004,-90.65334816522187
0.9311463310008645,338.61421788981716
0.4705175589528226,-61.9321023496704
-0.029416102706600656,268.314338303055
-0.42936489969534386,115.42726183488304
-0.6255435066027698,-128.72209052010913
0.11944456349565924,276.8600478552929
0.9508542177188647,341.96252891448887
0.8870900712807376,27.490166169871543
0.18375032722734677,-79.4117175267429
-0.9526125426020905,162.2907797151239
0.9661845095617018,-345.05737293613856
0.11495346469815898,83.39905902796022
0.25448831069351024,75.25673271958641
-0.6361959724674211,230.4912559448269
-0.8435558041822021,212.48246917952304
-0.6265657280791896,-128.79720022794763
0.9938933539976865,353.6648010573157
0.6640428575382233,-311.6089378705633
0.15329456100245756,-278.81789976059144
0.8376821512259288,33.10383616128644
0.7016237173943513,314.5574206733181
-0.27893822209667907,106.1968447126959
-0.7628554149186552,139.71657574503894
0.7234816215467736,-316.34268277630173
0.04582823683849763,-87.37331545981823
-0.7301376686082783,223.10206346003758
0.9845641957631857,10.080045426525999
0.34435940697244516,-69.8573035002571
0.9973969340922898,4.1349900177367545
-0.6676409299222686,-131.8852507091288
-0.999772455382918,178.77769623716563
-0.5601439626216669,-235.9342456989117
0.8254354338193663,-325.6326624925136
-0.9964289134165036,-184.84358746869304
0.004589120722042281,270.2629381719688
-0.8967679664275274,206.26356971210998
-0.21059819522966078,-102.15741030750809
-0.9313719562491486,201.35030218242514
0.4953403694275224,60.307802814387344
-0.8280418383155349,214.10189022618295
-0.830451563602182,213.85484752126501
0.7695851663409072,-320.31665175573403
0.08516053047957613,274.885256059953
-0.7904903180513697,217.76864389060802
-0.10355283313601292,-95.94379548947444
-0.9781794753587205,191.99121290116864
-0.8706355099251973,-209.4674259688585
-0.44331943456702577,243.68413328761812
-0.42945395708955486,-244.56708811890925
0.5666638366056946,55.48208895597844
0.42349905797953086,-64.94430440070562
0.28507376544664265,286.5632579509113
0.7789842975126431,321.16767248516226
-0.5623739876154046,235.77986568387098
-0.2219741311899813,-257.17499027489873
-0.040460323041388545,267.68116128721397
-0.06142101561102935,-266.4786185681354
0.31343531640782385,-288.26638108940676
-0.5990741674554834,126.80361851100645
-0.9032673859295121,205.40906927882747
0.4541185046720673,-62.99176839824844
0.7430834876277264,42.00525192093113
0.8674174010396072,-330.1598977925986
-0.575048610078683,125.10303645977024
-0.7287131014638613,136.77861702944733
-0.7579810414833953,220.71346720106828
-0.87162255075581,-209.35225869211578
-0.6568014001679782,228.94361679770202
-0.10913227131660115,-263.7347027585534
-0.7567352210743274,-220.82277858599724
-0.9042056499393388,-154.71650906049942
-0.3033657257732681,-107.659869041966
0.6399520381141737,309.78824319562773
-0.053520995366328594,-266.9320069501945
-0.9554340415023506,162.83018980992188
0.6695089260629397,-47.97082521099213
-0.17442302257939607,259.9549166548487
0.9817780904799515,349.04540665736704
-0.9630511010080067,-195.62373118477356
-0.743001684316251,-137.98774467889012
-0.9938978279586961,186.33287544729342
0.6126781375232635,52.21659731911143
-0.9988715821981894,-182.72215870801625
0.9563400230704324,16.99308737761538
0.1910202038226488,281.01232810778447
0.8138584164509705,-324.47464058772897
0.6145792294117044,-307.92135270944266
0.7772450785857511,38.99097511278006
0.9792835926943046,-11.682814109841672
-0.7139540533606193,-135.55754549401416
0.9544806885481808,-342.6461118470542
-0.3202456903501408,251.32221615772005
0.7667530609333919,320.0632052073952
0.25722545792695034,75.09450589867225
0.667379048731861,48.13490060733284
0.7051682825649885,-314.84314094657634
-0.910662056755822,204.40299621469148
0.15239609689950998,-278.7658095034288
-0.11254016454390532,-263.53823425613365
-0.21858467127550624,257.3740824734374
0.5798231544329924,305.43810522591014
-0.964924011666396,195.22019701712202
0.999392091128656,358.0020764123103
-0.8136587817963667,-215.54503966733486
-0.4630070494438123,242.4186822183326
0.007697734508735058,-89.55894794499898
-0.8944331552049168,206.56428704929738
0.9628475478620689,15.666977414036523
0.5223876398913565,301.4925463621628
-0.04566702586062349,-92.61743815082718
-0.48060675834983557,-241.2749621429561
0.76391278861188,-40.18963437845048
0.006885669731126055,89.60547706769398
-0.2956401280326043,-107.19592621174803
-0.8963333191330612,153.6802073255642
0.7276317788047489,-316.6882233940568
0.012299543310876295,-270.70472969085284
0.1951695535042329,-78.74537139632645
-0.6584237131781955,-131.17976671510132
0.06046992111126081,273.4667862418727
-0.7041797686547103,134.76331684084408
-0.49355282240664805,240.4256329936153
-0.759507855651666,-220.5791692798493
-0.32800652170881783,109.14782405659156
0.722398974132703,43.74709897441767
0.8941382070882499,-333.3979488875083
-0.9883104676725397,-188.76920385839813
-0.9527165177077513,-197.68962530136267
-0.4010123315831766,246.35852052038103
0.06523121220087999,273.74012880036616
0.6739252844302192,47.62925212086134
0.9922337755075316,7.1453592757700335
-0.9882098859641303,171.19307583208285
0.6499104901962756,49.465146441839636
0.7479772370176767,318.4154624107491
-0.17808971942957674,-100.25851109438429
-0.18490859161732645,100.6558031381013
-0.28321218274104465,-106.45201174238366
-0.8173002933129264,-144.81544878409383
0.6379239847886728,309.6371898878788
-0.36796497487600804,111.59016664274407
-0.6536095903347051,-130.81430562447812
-0.8538571833210415,148.6337097272031
0.24773052898283937,75.65674287811129
0.5886693854982313,53.93735948867345
-0.4277401030467367,-115.32422666914445
0.8293641194640107,326.0334730049814
-0.5290572362841559,-238.0582218110848
-0.8721274908495746,209.2931831980394
0.4564637652957727,62.8408449202725
-0.13070410748970324,-97.51028187742094
-0.9707328308231413,-193.8961000740568
-0.6036077673562861,-127.12872428569398
-0.9906894106074545,187.82462901009205
0.04340410855284576,87.5123462603512
-0.9400465085699293,-160.05936838376482
0.9172083695644606,336.5213174789236
-0.44390215554396456,-116.35312036750875
0.36166319501387006,-291.2023737068106
0.8107797838821019,324.17218851955533
0.95583477253678,17.091861338535296
-0.7213963223122719,136.16988404302413
-0.6159543350598091,128.02129674480057
-0.9906815758621417,-187.82792561019755
-0.9937053997011521,-186.43205548007543
-0.17545105100187783,259.8950924502774
-0.32277074278245155,-251.16942930813548
-0.11007397922530862,-96.31958016351905
-0.03395134112031217,268.0543575345889
-0.8931670353105026,-206.72604669895242
0.42441585340437593,295.1136944400944
0.8829120408239804,-331.9956614272666
-0.8644143985138362,-210.18409565728584
-0.4850769250286139,240.98248755030716
-0.9782057298105061,-191.98397038621786
0.04840611579037038,87.22544961013591
0.7855688011464618,38.22668394388472
-0.01962837002689146,268.87530501176786
0.05343442287310926,-86.93697429673625
0.9725728633088221,13.45010008961367
-0.006611349161169667,-90.37880516344825
0.9211825988586353,-22.900413264455608
0.9619319628632685,-15.860077973202351
-0.9852695559962462,170.1535403139685
-0.9673542854041495,-165.31955083985412
0.9820112718965842,349.11593690881307
0.5154884879998295,58.969888205543725
-0.10774180032992171,-263.8148434484182
0.9748667136337607,-12.872891076856206
-0.15881523752860272,99.13813506843627
-0.9998082746643133,-178.87802204801045
0.035195646218858415,-87.98302145169208
0.360713330943405,-68.85598942369433
0.13519218104369327,-82.23026706989918
-0.9981041909110485,176.47139076638985
0.9473992282059867,341.33379621568076
0.6955570621814697,314.071624501864
-0.8229467685567708,-214.61912612603092
-0.9233778577366478,-202.57499282929294
0.8903823329171698,-332.92133004010464
0.736335765590546,-317.42020738356894
0.5740680983364087,-54.965603356996326
-0.40488961368279447,-113.88420995215233
-0.4936853624094913,119.58309895194037
-0.9643291580109505,164.65051503073641
0.5230356800585312,301.5361000898024
0.14194399300109553,-81.83964760614089
-0.07972962303106437,265.42697536633773
0.9595664513391191,-343.65131339923784
-0.9423455280136506,-199.55073670987008
-0.3659241768930093,-248.53553080409162
0.9871669936998168,-350.8110185978254
0.9996580094522832,1.4985010770865301
-0.18531517467409822,100.67950831735493
0.5007234278265926,-300.04787315235933
-0.44250007765785754,116.26350505104688
0.40711557540557247,294.02376808818735
0.8949213516822357,26.501670540910652
0.9395975820686284,-20.01591497029267
0.9934454218879046,-6.563681600936661
-0.28988652930888226,106.85116282090866
-0.8630927640311992,149.66563221971
0.535490191306109,-302.377161087899
-0.8184120766412186,144.92615099415843
0.9993385259854931,357.91590281660535
-0.9832048063245966,169.48425958014582
-0.9992570073871203,-182.20880192249953
0.9071585682923071,335.1155934134945
0.45476798773573246,62.94999285345506
-0.9801731603015225,168.5716230190236
-0.7459101569933825,-138.23733419158793
0.9965074704667366,-4.78998500360359
0.8051641364947849,36.373890145680775
-0.9620552244479587,164.16578469475598
-0.7953469693839527,-142.68804006737216
-0.9835044456483009,-190.42125194292788
0.07405509315011698,85.75306785528204
-0.6392476398230235,-230.2642592520983
0.10878339158888475,276.24518818354727
0.3657088646674883,68.5487860466967
0.1405318424328871,81.92137716410843
-0.02028136932182225,268.83788345616335
0.4527358508394015,296.91934925419605
-0.9513983764476929,-162.0634936180287
0.9975810295618788,356.01397062390583
0.5439505862684507,-57.04702049323265
0.2546314116459314,-75.24825433571658
0.8515554378183796,-328.38125254265043
0.5549424159267901,56.293251374493025
-0.6059918926748268,-232.69974845090115
-0.31547667295539883,-108.38959249592705
-0.9274452261456694,-158.0400111556673
0.31247904732055554,-288.20869307514545
-0.8940805502529138,-206.6094274734738
-0.4284175690851841,115.36717694947492
0.10577116294391378,-276.07159836466354
0.9591462744517584,-343.5660027543954
-0.5828751411164803,-125.65301988391508
-0.8971508189263758,-206.21395378880428
0.21215611524196443,282.24873610525367
0.2832012305659903,286.45135744116055
-0.9997753765168592,178.78556761857737
0.3796072450809287,-67.6906433598378
0.4533023712824504,-63.04424109683009
0.2500356899410455,75.52037585794568
-0.1509821698744608,-98.68384901877914
-0.2282812641599389,103.19590367687834
-0.7796432137070186,-218.7720800153563
0.9601643680320766,-343.7734634754197
-0.8869079368330318,152.48723490473162
0.4406458979276122,63.854900773944394
0.9980223004119723,-3.604038262752624
0.9740902483159035,-346.92892077064977
0.7851483057332759,-321.73439680935826
-0.9664241280874796,165.11071025933904
0.044268391568693354,-87.46277884199156
-0.5208878842302943,-238.60817212125895
0.9460476189883631,-341.0933255651215
-0.813873231879159,-144.4761014901233
0.5138107312976862,59.08200430462682
-0.881256239329615,-151.7942760890336
-0.9827324328437477,-190.66301767346803
-0.9120106904914552,155.78470988856895
-0.14562864312572754,-261.62631579293793
-0.5753203182018459,125.12206736097085
-0.8474566794355045,-212.06388800035427
0.9244505659126278,-22.414349672194874
0.9605832831886028,-343.8595806320522
0.6443362317789798,310.1159266354507
-0.9263376787377195,157.870937752303
-0.583957651539027,234.27061304301583
-0.9160213830517334,-203.64880408881018
0.695814961761162,-45.907805246753355
0.9960418289356304,-5.099507855296622
-0.5599390821493636,235.94841502768668
0.8295716942267638,33.945234245627205
-0.9385566702106486,159.81056375124297
0.9519385484164625,17.835734813938814
-0.9417668820691842,199.64956983060677
-0.7365597964320335,137.439181704818
0.7085442708498249,44.883403697614426
-0.8878452830586772,-207.3962774164949
-0.5664738174692451,235.49530146093036
0.9104533531837623,24.431923057766085
-0.1253011125772435,-262.8018550206207
0.9899453862247535,8.131766281437876
-0.2967285328858461,-107.26121675512982
-0.5513141317465406,236.5427853140319
0.17806700072686413,-79.74281173509394
0.9993710588458444,-357.9678048916267
0.9656046593587512,-15.070934119504614
-0.9596364796191439,196.33442627492207
-0.6097085200320677,127.5684300488033
-0.8322897605954056,146.33467530205274
0.7508152155957202,41.33895619568932
-0.7347625218386755,137.2871533195888
-0.9434525466493291,199.36030654720798
-0.030049737184483304,268.27801766299126
-0.6130707667759838,-127.8118721324229
0.9330002200839461,-21.092568495447665
-0.5230364077651471,121.5361490091982
-0.2004043083961504,258.43939712346094
-0.990061638126801,-171.91545892738054
-0.8427492552285878,212.56841688916757
-0.6956278580722047,225.92272948034383
-0.9790258894770207,-191.75550851889798
0.9366500485262987,339.49637796698596
0.983874376544097,-10.303415799071388
-0.9537641334947883,-197.4910076717731
0.482249446709696,-298.83242026908107
-0.5006226434271829,-120.0412023143312
0.953368166274385,-17.566334803498876
-0.5223299123150457,-121.48866756965745
-0.2301132172625317,-103.30373740994003
0.8397076048585373,327.1092562860093
0.9514928931240392,-342.0810865715634
0.9117083561940287,-24.257488368937913
0.8348366404324987,33.401168089740395
-0.47771858565227593,118.53650495986392
-0.8584899917268433,210.85254032115972
-0.0540480025224166,266.9017678949965
0.4573576093292181,297.2167298637952
-0.8209627709067099,214.81871273978697
-0.8189894031087749,-144.98375671199645
-0.8913593624029414,-206.95543610653672
0.5975644331955255,53.30433855182963
-2.922604175845504E-4,90.01674528868472
0.12285558547893348,-277.0569353527043
0.9997145146862624,358.6308852519668
0.9089795835198172,24.6352837631257
0.6390444838390622,50.27939408754008
-0.10550214494775761,263.9439019586564
-0.8404863830107802,147.19151615725855
-0.9251858156200363,157.69639109181605
-0.8279815142871435,214.10805438763327
-0.9622838489685067,164.21386385074834
0.17721291292605668,-280.2074617641083
0.7010771424439525,45.48651270128022
-0.5987643925170265,-126.78145493893055
-0.48110014695975906,118.7572790228154
0.3400680863296923,-289.8810223100629
0.763364928656704,40.23825263588907
0.6316385210643458,-309.1711133695914
0.44798320790548724,-296.61436210836985
-0.07217265034595774,-265.86121334005287
0.545581611304179,-56.93558212306539
-0.567733522732313,-235.4076718541296
0.8296102305396175,326.0587200531196
-0.9878261665686366,188.94937858115475
-0.906346320633014,-155.0052246401439
0.5633141967954264,-55.714692164731446
0.49463709452098287,60.35417721224724
-0.9638607185437946,164.54944571709382
-0.9718226002688323,-166.36631768248125
0.639451138916152,309.75090447699415
-0.49799344510421795,119.86733595148036
-0.40544501155918083,113.91901685857152
0.6682959557772503,-48.06431829701006
0.9536591996736382,342.488999594504
0.5129049944056214,300.8575244298229
0.9451329558976946,340.9322522329451
0.1798453267902311,280.360750660941
0.9086925560771226,24.674706824683028
0.5221126546329145,301.4740711788728
-0.8455700039241295,-147.73305860441673
-0.8740894851842154,-209.06260101721526
-0.3790947591242406,-247.72237877494337
0.9361186399832754,-20.590372996357814
0.7813437050505525,38.61623106064292
0.8790420168414618,331.52701754613565
-0.901414527454091,154.34462800558958
-0.10183317215812693,95.84474247700996
0.7414099318874844,-317.8516590268679
-0.7564436193434918,-139.15167041463877
0.8796462860821423,-331.5997245251314
-0.9779174568644133,-167.9367418081173
0.8771510187966777,331.3005792694413
-0.33523700733239925,-250.4130491219875
0.30389285289486984,72.30843231299195
0.8076477408034073,36.13325810996088
0.5095641357319164,300.63480140373895
-0.8675937697081585,-209.81978732317208
-0.9123387713369282,-204.16941996147102
0.18334051579960492,-79.43560379037638
-0.923063094406762,-157.37807509729805
-0.9247669458840442,157.63323862491325
-0.9863026346502953,-189.49408518165095
0.3767437116522958,-292.1321259338557
-0.9405021949342377,199.8639347829801
-0.8091414021865313,-144.0121287173083
-0.9970933422087603,184.3695813970926
0.9831300018569556,349.4608013523733
0.999975377985353,0.40206874469970444
0.9853135612194712,9.8317049478826
-0.8518687255582875,-211.58449225987601
-0.43251535916605427,244.3727026131752
0.9955602950721424,-354.5989836381231
-0.537300466931853,-122.50005832797419
0.26553103781568155,-285.39850953115956
-0.7399492619801289,-222.27290635061314
0.7389144856502817,-42.36097167898356
0.3025594611011916,72.38860466840617
-0.6349405563965002,230.58442421435757
0.7072665087162339,44.98705606067858
0.35632997546032624,290.8749775372928
0.9331847923315594,-338.93683679235596
0.994993267068167,354.2641708140279
0.06158762027601244,86.46905471785823
-0.9971803855578876,184.30362668236944
0.201289976897166,281.6124035081798
0.47554133152838884,61.60539807893116
0.04108724744358748,-272.35478873160986
0.12271313771780168,-277.04871147013404
0.6815202084799525,312.96255201367137
-0.8100147747392538,144.09737497364785
-0.9972249829048516,-175.7305597109934
0.2755639471395382,74.00437545922165
0.968726336259505,-14.366976747594379
0.30240169127416094,287.60191152253026
-0.29869032214936575,107.37895781351966
-0.8598136737590677,-149.2956686257804
-0.9183085440529388,156.68004198617496
-0.9908209165811401,-187.7690881871004
0.03032730349146546,271.73789296668815
0.33516951609744217,289.5828464572562
0.23614982090565564,76.3405895327441
-0.6856269306845268,-226.71506834067605
-0.8452099416254456,212.3055636344602
0.9934759346747495,-6.54836950598218
0.627226280599161,51.154222270076275
-0.8072135681701758,-143.82457605127436
-0.055341080396031035,-93.17243108094613
-0.6197460947492087,-128.2975953373238
0.4711135283442947,-61.89339762717975
0.55402163225945,303.6433536522002
0.9885900331293601,-351.3364950284379
0.48309197069484927,-298.88753897965944
0.8348807921517529,-33.3965725014931
0.8528397880990554,-328.52189702860187
0.8435727077307098,32.480665732533794
0.07832807872470893,-85.5075298946769
0.7643558858374229,319.8497227605361
-0.943624003714442,-160.6693489029809
0.06176862445772699,-273.541335840508
-0.9463874491312231,-198.84649210222813
-0.9953539726092687,-185.5251847177534
0.6933260301602509,-313.893973096068
-0.6669775669416175,-131.8342183706707
-0.6113753601806999,-127.68901703489101
0.9562600569417959,-342.9912425682493
-0.8210444470838411,-145.18948398770544
-0.12677445990910313,97.28324016795153
0.403804136008384,-293.81620983515285
0.37327849699053,-291.91795333858454
0.18018279974694223,-280.3804075514067
-0.0546155436315481,-93.13079791741075
-0.2025746121607183,101.68755587041687
0.9847638791105972,349.98553402045775
-0.029254568011932994,268.32359754424715
0.2441199817402152,75.8701666403831
0.9978721242291083,-3.738417538147303
0.6361621252329767,50.49376948919718
0.2789617591679813,-73.8017509689227
-0.486378938602975,119.1028562758205
0.5374427509797606,-57.49027508251754
0.2692521676800084,-74.38022867318358
0.38651968098251666,292.7381163672202
0.7307016099268168,316.9452447765116
0.8662371638328581,29.975725178419054
-0.6916933550387061,-133.76430251443924
0.4911831440244011,60.58162409969606
0.2670931731791773,-74.50863332979242
-0.13026787058296135,262.51492819869907
-0.8504337541681032,-211.74112174302232
0.7235311201599496,-43.65320888109568
0.9332026500184576,-21.060316115594162
0.7473788765386452,-41.636164647241
-0.286212839972416,-106.63135950111945
-0.9945441274579307,185.9878014434547
-0.9426371426288529,-160.49925362823888
-0.6313620313521102,129.1506823774556
0.9925783059723062,-353.0151333476682
-0.2193769478470716,102.67244079017217
-0.9708233839645716,-193.87448019560674
-0.7160582943855891,135.72999748962695
-0.843345210643772,-147.4950699737503
0.9985629712357534,-356.92799171668486
-0.999466819632037,-178.1289129042997
-0.6802769803039785,-227.13470894554058
-0.41372378382392927,-114.43897275203682
0.4747803268430978,298.34504809614
-0.7742419090269383,140.73635190286285
-0.19807236298445774,-258.57574134578385
0.9867823177065974,-350.674012867097
0.15621953123163485,-81.01246809087593
0.9894855970074959,-351.6840627407256
-0.6960153359649186,-134.1081816803637
-0.524889838963813,-238.33917243674074
0.9504484962804757,18.11239562061246
0.9180033319634912,336.6359063892172
-0.8937893623359507,206.64665184835894
0.6799122462275724,47.16321396506174
0.714617869693799,-44.38810905347094
0.3754284068614863,292.05079346670016
0.18374086560006336,280.58773097199366
0.9275656155522489,-338.05846387482956
0.9610339164720539,16.0472797016659
-0.27726453937460427,-253.90298850670462
-0.7698232971870919,-219.6619762535151
0.831032012026755,-33.79510301198246
0.9135485152063253,-23.999569286468443
-0.220069776442353,-257.2868686678992
-0.6239795842660962,231.3926692162214
0.9368251994355311,-20.474952079675916
-0.3087983357940902,252.01317245171288
0.021874417798647405,-88.74658820974344
0.6186882527631303,308.220406890953
0.9698366921196367,-14.10830525371722
-0.8818800552778583,-151.86999166500678
-0.11777062228233627,-96.76345625659178
0.0964220006206496,-275.53317021531586
-0.9423412968240664,160.44853885810414
0.2156126224667111,282.4514709902568
-0.8500134002732175,-148.21312690020457
0.7552723736724511,-40.95082512670979
-0.8905076811722004,207.06288865791373
-0.8191033443959204,-215.00486444179006
0.9713070803113385,346.2415680812394
-0.1895633879321061,259.0726948789012
-0.9014766436976425,205.647150555577
0.2512644615922798,284.55234912196613
0.18072900556721516,280.41222518781854
-0.9906043941272812,-187.860327678811
-0.3351823680385496,250.41637197118598
-0.9389782206254872,-159.88066386702224
-0.31721402871162935,251.50547545271638
0.9080542485328631,24.76216709014335
-0.25828597869604697,-104.96838245946464
0.9556491046818876,342.8719803934306
0.9992101735892687,357.7226381293307
-0.9383073352493564,-159.7692111122301
0.9775792824217626,-12.155621630068708
-0.5366539068465537,-122.45614497071014
-0.8297570690907159,-213.92620879112994
-0.20052915336572708,-101.56790417911134
-0.9999924265355432,-179.77701009622558
-0.6081867337496073,127.45850717723846
0.46882353304144286,297.95795658645375
0.7852940745746018,321.7478847488077
-0.8008132690962553,-216.79216583938802
0.25280447780821097,-284.64352900833035
0.31855974363008255,288.57584662768977
0.9957080015237373,5.310346561873985
-0.8433246507740234,-147.49287790193776
-0.9761091486178338,-167.450630851385
0.12633945641957636,277.25811427500867
0.5515341969943062,-303.47232908512143
0.15835868573982384,-80.8883587007333
0.7452091843171182,41.82293057696063
0.16172304051663267,-80.69307818084519
-0.03603162875856436,-92.06490722534295
-0.8427216546255412,212.57135450023986
-0.9963418243944767,-175.09767174766614
0.7189112240014003,-44.03533791411269
-0.7764042561488694,219.06747868621574
-0.8314058667329246,-213.7565734957662
-0.9192505702573914,-156.81676517397193
0.9248087372833823,337.6395318619567
-0.9921373298204983,-172.81035196861592
0.6614952802437108,-311.41401130352483
-0.631720319294481,230.82284107606813
-0.6879438011138138,226.53243749905914
-0.998279469948444,-176.63851599369573
-0.3719881443739174,-248.1617163460752
0.5325181233388016,-57.82424730827404
-0.9894592775924844,-171.67364278034987
-0.4917505605300989,-240.54429408369083
-0.6319335939224849,129.19292409851033
0.32638920630007584,-289.0497608904924
0.9311462825252369,338.6142102729766
0.05906776887144884,-86.61369505124952
-0.960449336603897,163.83199643579144
-0.2815209504225427,106.35100077106898
0.7461399724997293,318.2571075894589
0.9705192771424827,13.946956653588188
-0.5304509246900011,-122.03592705581895
0.6175154723502234,51.86507276241673
0.38881245571554734,292.8806270902139
0.39552146625416157,-66.70149945747158
0.6786059297547078,47.26519870832561
0.7041594059540295,-314.761673679555
-0.2627307685462145,-254.76784181018968
0.8262349472894617,-325.7138964659839
0.81012403649988,35.89194811213531
0.9592177380780937,343.58048195231277
-0.8177672588587277,-144.86190834136477
-0.8780377389635134,151.40655546709934
0.8703464809013589,-330.49892780498806
0.8148510840210216,-324.57264007610087
-0.179064318102226,-259.6847362669231
-0.31544024372825213,-251.61260705548182
-0.14737828406854303,98.47502471077769
0.8827799467025961,-28.020453196413087
-0.5344526784401649,122.30680102498593
0.30935390622411185,-288.0202982032898
-0.9871892333630021,-189.1809985788509
0.8880337652190979,-27.372798791995592
0.08145590588626038,-274.67225615709515
0.652196129921109,-49.292613969928425
0.9704631790826028,13.960285964621335
0.7103297969751544,315.2617548540659
0.31197140448073873,71.82192328737369
-0.6566359210112422,228.95618914745808
-0.45316001145577806,116.94660848666291
-0.8639713717653926,149.76545610099868
-0.9924459675033107,-172.95305594651649
-0.934040389082661,-159.0736620804845
0.859901712731706,-30.694451006346526
-0.28467681813262163,253.4604685734024
-0.829230761416698,146.0197995051983
-0.9970707713946334,175.6134777880418
-0.9850882512067507,-189.90702081165688
0.7639088158473879,40.18998710575926
-0.005739362647342593,-90.32884306216857
-0.2270399610231673,103.12286426516306
-0.9834958796350456,190.42396491564466
-0.7649848861249682,220.09435256349934
-0.12061696826324778,-96.92771089655338
0.434243357541413,64.26284268617167
-0.2580582682469675,-104.95487778905238
-0.9961403244044091,185.03561846590947
-0.8901032973438191,207.1137699515292
0.33387299014094285,-70.49598037113577
0.9576883432494999,343.273272773753
-0.9961717592009213,185.01505730554243
0.970427638067755,-13.968724319637147
0.3415140051466038,-289.9691423128585
0.5462394449442344,-303.1094037177788
-0.7215387558965018,223.81833046512986
-0.8018916914822988,-143.31112718126522
0.8890481502997895,332.75388052461903
-0.21392221375023687,-257.64769635670547
-0.999058619099245,177.51369503482056
-0.5231849627351134,121.5461360147471
0.9751867800639245,12.790317533967084
-0.9926975005348474,186.92848112172192
0.8416961264688771,-32.680337827828225
-0.24613456430040204,-104.24889285983332
0.9878583241616015,351.06247333623446
-0.3934144927861296,-246.83287333459754
-0.19511551972750477,-101.25147201047287
-0.9385921337662503,159.8164520383749
0.022741315724974027,271.30309374768797
-0.05811145423010708,93.33141786619973
-0.8814964674265251,151.82341162495084
-0.9987613665143837,182.8520286008171
0.3403484077725203,-70.10189763079939
-0.5702905562944652,-124.77048961276014
0.04460540074192398,-87.44345054599489
-0.9917995220047501,-172.65732262531503
-0.723721665685816,223.6373908821272
-0.6835419879080906,-226.8789496304561
0.5910616785301906,53.76761562269934
0.7074080008392537,44.97558743128434
0.7122076259099385,-315.4148188882386
0.6135953260341668,52.15007506323428
-0.4428942483459312,-116.28869189480477
-0.43778844060396516,244.03714013317096
0.9778633037934603,347.9219045361251
0.2082455283231778,-77.9804444908836
-0.5573671608083957,123.87391421281188
0.8441854827182848,-327.5847718295372
-0.9772323965614989,167.75034837903445
0.9091538891731018,335.3886859153856
0.6780253978651954,312.6895327011373
0.9978678282244406,356.25780924646733
-0.21645027287019925,-102.50062554036674
0.9469893060959954,-341.26055094279786
0.93859529058771,-20.18302373046606
-0.9987586963137778,182.85510173070168
-0.9010837837226141,-154.30089347439133
0.9897150429391077,8.224543473384301
0.9975750199006393,-3.9909797269402247
0.9227232842539932,337.32751181139315
-0.4298475456497191,244.54211460295267
-0.7691168659611715,140.27465029238437
0.11314315262270203,276.4965364978236
-0.10830819535740363,-263.78220038193757
-0.9773635729634975,-192.21417759092787
-0.23330102415602338,-103.49149510066155
0.9466511092802099,341.20032876665664
0.3891087043153187,-292.89905174532447
0.6922449231494938,-313.8080777496024
-0.426494256308498,-115.2452816757436
-0.6021718939599369,-127.02560696996136
-0.9994836461317397,-178.15867675007334
0.9749975304247597,-347.1607950917183
-0.2963718273627464,252.76018361295303
-0.5803446278037566,-234.5252144261541
0.46728028696808394,-297.85789841049274
-0.38611748090978715,-112.71313237860156
-0.9487364073933935,-161.57467622745162
0.5715876862608432,55.13898568621062
0.9423642443872078,19.547531925626174
-0.7278448023412732,136.70601921256008
-0.1766072816858937,-259.8277944461632
-0.29489480484604874,-252.8487704810039
-0.9784169999449397,168.0744680499322
0.8315902772943189,-326.262446165045
0.7275689477612399,-316.6829756577955
0.8371467332734729,-326.8400369258408
0.807323238506276,36.16477702792696
-0.08758152024912437,264.97551110163704
-0.7995194652380073,-216.91576086578536
0.9998170831901008,358.90409966485754
-0.8257694749839619,145.66658198759876
0.6509763822983525,310.61525742534866
-0.9992861053102114,182.16511289249536
-0.889379727147279,-207.20459312003106
0.1575899476593204,-80.93296425152556
-0.08623263318375894,-265.0530901699955
0.9832891255752545,10.489236227318656
0.978526034694027,11.895261680093256
0.9522124766114857,-17.78442118146313
-0.7548757296029067,-220.98548751706664
-0.22252017774718447,-102.85709841530547
0.16700871095132777,-80.38605550071276
0.8507401899540334,328.2922680082861
-0.9874211775192681,-189.0973294098643
-0.7756678575607561,219.13437786312238
0.17110703256999216,-80.14780950193358
-0.17005204568433183,99.79084511547688
-0.9949640701257811,-174.24745675650377
0.9998387240077656,-1.0290306924082984
0.2555389470203447,-284.80552263143585
-0.3615861977384627,-111.19764185383985
-0.8012556944279537,216.7498198038171
0.9551714452250959,-17.220703912858767
0.3771109231205528,292.1548410001783
0.9785062794732986,-348.0992482389885
0.5004805889364222,59.96819939511482
-0.224354871170212,102.96494517767474
-0.8127550451280497,144.36598681666771
-0.8135781716778187,-215.55298364108495
-0.3405105743654565,-109.90798406371727
-0.9948347412692919,174.17399591652907
0.2587161251835117,-75.00610480914975
0.17613339064482061,-79.85537881893794
0.9868070801922937,350.6827721039107
0.3186977569350576,-71.41581098370506
0.887411720323334,332.54978537998863
0.9650420002951343,15.19442525535294
-0.14272021507775354,261.7947159044893
0.6906428917642045,46.31897911175952
-0.5050877937158379,239.6628195213858
-0.9244623699652321,202.41257588677854
-0.9433086119659617,-160.6148319981675
-0.9338552948459732,159.04398988040828
0.039554466063311235,272.2668953426048
0.9999003267125921,-0.8089666700487328
-0.9960315997819796,-174.89390267485257
-0.1810322917958729,259.5701063509016
-0.5439651036324804,-122.95397077271099
0.7169628827728739,44.19570365849074
-0.784820176092261,-218.29595019215765
0.9534340631616887,-342.4461794249963
-0.21008109018421994,257.87289562253204
-0.9997760104369657,-178.78728254571638
-0.20114643504976332,-101.60400743660142
-0.1933910377815408,101.15074780453966
0.9229830609879623,-22.63384339983122
-0.42942113447749924,244.56917050658478
0.8848204744606971,332.22943691889316
0.5483827448905768,56.74386689245864
0.9766079152409793,347.5828382993594
0.6551326614707504,49.07029018490198
-0.07714180326570359,-94.42429523111065
0.9979897429403463,-356.36640759861166
-0.6978183621002921,134.25223189676615
0.31582322463358387,288.41051825945567
0.2847865541451062,286.546090327916
-0.46704652719175493,117.84275038061162
-0.032261226887061144,-268.151247069909
0.9424578039468419,-340.4684957517515
0.14367871707746704,278.26077410550363
-0.6287050734438326,-231.0453503106012
-0.37771140616952276,-247.80800625262845
-0.4448860967287162,116.41605149873021
0.9028968095344206,334.54149170586766
-0.5567513423665189,-123.83142781031259
0.8897981282077708,-332.8478907214826
0.2533841850471666,-284.67786160118874
0.5554179266167169,303.7395053529059
0.9968869832617364,-355.477890374602
0.11199434001049785,276.4302933342922
0.24999638998909043,-75.52270143573696
-0.48558063539397406,-240.94947893608122
-0.8703898093463001,209.496030502905
-0.698088272317509,134.27382634237216
-0.08313398175267382,-265.2312699287189
0.9217974928507217,22.809705959835412
0.5301813920133801,57.982288426230014
0.9630512960621522,344.3763103117607
-0.8088176681642562,-216.0194252692853
-0.06801065932612593,-266.10026597206036
-0.8998475091481395,205.8619697708781
0.9999983410585828,0.10436460055728958
-0.9110104368286717,-204.35463800286996
0.9485780414348944,341.5459897517727
0.7337937171208466,317.2053848230398
-0.8863480380503859,-152.41787054049044
0.9032734833138781,334.5917449309934
0.09434211636906467,-84.58654420585816
0.29857320246659624,-72.6280734999902
-0.9268148081672394,-157.94362328808685
0.9958640448606026,-5.2128513273631825
0.9332027223352124,21.060304585220877
0.9993578407036519,-357.94655885137314
0.05852223004534756,273.3549937100514
-0.7536914981053643,221.08883325468912
0.7495994337867601,-318.5556915161224
-0.8345600623796897,-213.429943362922
0.4090047521141683,294.1423302062009
-0.7067031568053429,-134.967304261669
-0.011900964086994755,-90.68189111134205
-0.4145826245575367,-245.50696488395863
0.8184907634417383,-324.93399751697285
-0.9694672600678232,-194.19488159699694
0.3091714489670256,-288.00930526171663
-0.9901102373302922,171.93528288553534
-0.40322076889021463,-246.22032067728128
-0.9878467768802712,-188.94178429219366
-0.4859189918800829,-240.9273001857207
-0.8958295090450343,-206.38482281537722
-0.49670952543705965,240.21745831388387
0.9790275172731421,-11.75505073188799
-0.8237665242233767,-214.53636567037083
-0.15756504741772018,99.06559102018804
-0.8515997049089474,-211.6139092676765
0.8257621311961197,325.66583596235864
-0.9134052910160945,-204.01973722012602
0.46754484132307594,62.12495546490538
-0.967407244528523,-194.6684712136955
-0.11433105136025247,263.4349573693977
0.9966865548075613,-355.33450727668486
0.8101806700080553,324.1135871210937
-0.5124520036214356,120.82729493386228
0.8488637082549422,-31.91170571264132
0.5144091226817064,-59.04203190084172
0.87346144993775,330.86340842301
0.685529004374645,46.72277544281894
0.8709833206475286,330.5731095267837
-0.39805670016828926,-113.4567495049765
0.9137962063708418,-23.964653282711936
-0.9920704404916052,-187.22020552453384
-0.27350549030396587,-254.12702907299698
-0.8585316749325262,-149.15211703662223
-0.8835688365600199,207.92408686967553
-0.9978209856437162,176.21691091119362
0.9167942632843961,-336.4618351491693
0.9854714972714763,9.778568222812567
0.43498986130861167,-295.78464873948366
-0.9057815984572367,-154.92875780947887
-0.5285478812936735,121.90739342475479
-0.47794200938128006,241.44892254855904
-0.19206089892815337,-101.07308039499958
-0.6309697013206774,-129.12170162989676
0.26182068293631977,-285.17812249410963
0.4111530848642294,294.27729039424287
0.7876902590386202,38.029816504898065
0.6954222692403739,314.0608761668925
0.032303847588823015,88.1488038101096
0.9564093242610957,-343.020504141558
-0.7069615859784864,-134.9882362622228
0.40978163477170104,65.80888182117866
0.24947885434005834,-75.55332437707142
0.8350488704601856,-33.379072737523245
0.8200411692945896,-325.08891516891345
0.7298954662343949,43.122368663683744
0.9911681353534689,7.620509120564861
-0.34256782541233227,-249.9666026930231
-0.7056972517134692,225.11409848236713
-0.7556333898331529,-220.919255209725
-0.5797233667266303,-234.5689119191171
-0.5813053930684515,125.54240950427089
0.8341226988679517,33.4754021841058
-0.31385733344218736,108.29184583895176
0.896972501584039,26.23707374204082
0.10611186280058765,-83.90877049443026
-0.8738944915445126,209.08559213917113
0.13684041498638558,277.8650556624849
-0.9229791866985431,-202.63442020426993
